0 0.44140625 0.39453125 0.1875 0.19921875
0 0.5859375 0.428125 0.05859375 0.05078125
0 0.78515625 0.46484375 0.1015625 0.08203125
0 0.290625 0.071875 0.11328125 0.125
0 0.1078125 0.446875 0.0703125 0.0546875
0 0.896875 0.671875 0.10546875 0.09765625
0 0.9140625 0.24609375 0.05859375 0.0703125
0 0.7578125 0.28125 0.0625 0.0703125
0 0.8265625 0.28125 0.02734375 0.03515625
0 0.80859375 0.1328125 0.0234375 0.0390625
0 0.73828125 0.1875 0.03125 0.04296875
0 0.70703125 0.1015625 0.02734375 0.046875
0 0.6171875 0.103125 0.0390625 0.0703125
0 0.5453125 0.1484375 0.0390625 0.0625
0 0.45703125 0.08203125 0.0546875 0.078125
0 0.3671875 0.16015625 0.0390625 0.05078125
0 0.2109375 0.8125 0.0703125 0.0625
0 0.1875 0.59765625 0.046875 0.0625
0 0.11875 0.5546875 0.02734375 0.0390625
0 0.5375 0.946875 0.05859375 0.0625
0 0.6484375 0.6875 0.0703125 0.05078125
0 0.73046875 0.5625 0.0546875 0.0546875
0 0.609375 0.58203125 0.0390625 0.05078125
0 0.63125 0.50390625 0.03125 0.03125
0 0.728125 0.703125 0.03125 0.04296875