0 0.4375 0.5 0.00390625 0.0078125
0 0.6015625 0.453125 0.00390625 0.00390625
0 0.78515625 0.46484375 0.10546875 0.09375
0 0.290625 0.0703125 0.1171875 0.140625
0 0.1421875 0.44921875 0.00390625 0.00390625
0 0.94140625 0.61875 0.00390625 0.00390625
0 0.9140625 0.24609375 0.06640625 0.08203125
0 0.7578125 0.28125 0.06640625 0.08203125
0 0.8265625 0.28125 0.03515625 0.046875
0 0.80859375 0.13125 0.02734375 0.0546875
0 0.73828125 0.1875 0.0390625 0.0546875
0 0.7109375 0.0703125 0.00390625 0.00390625
0 0.6171875 0.1015625 0.04296875 0.08203125
0 0.54296875 0.146875 0.05078125 0.07421875
0 0.45703125 0.08203125 0.0625 0.08984375
0 0.3671875 0.15625 0.04296875 0.0625
0 0.209375 0.8125 0.07421875 0.078125
0 0.1875 0.59375 0.05078125 0.07421875
0 0.1171875 0.55078125 0.03515625 0.0546875
0 0.5390625 0.9453125 0.0625 0.0703125
0 0.646875 0.6875 0.07421875 0.0625
0 0.73046875 0.55859375 0.05859375 0.0703125
0 0.609375 0.58203125 0.046875 0.0625
0 0.62890625 0.5 0.03515625 0.0390625
0 0.7265625 0.7015625 0.03515625 0.0546875
0 0.7734375 0.68359375 0.00390625 0.0078125