0 0.4390625 0.39453125 0.1875 0.1953125
0 0.584375 0.4234375 0.05859375 0.046875
0 0.78515625 0.4609375 0.1015625 0.08203125
0 0.290625 0.06875 0.11328125 0.125
0 0.10546875 0.44375 0.0703125 0.05078125
0 0.89453125 0.671875 0.1015625 0.09375
0 0.9140625 0.24375 0.05859375 0.0703125
0 0.7578125 0.28125 0.05859375 0.0703125
0 0.82421875 0.28125 0.02734375 0.03515625
0 0.80625 0.13125 0.0234375 0.0390625
0 0.73828125 0.18359375 0.03125 0.04296875
0 0.703125 0.09765625 0.02734375 0.046875
0 0.61328125 0.09765625 0.0390625 0.0703125
0 0.54296875 0.146875 0.0390625 0.0625
0 0.45703125 0.078125 0.0546875 0.07421875
0 0.3671875 0.15625 0.0390625 0.046875
0 0.20703125 0.80625 0.0703125 0.0625
0 0.1875 0.59375 0.046875 0.0625
0 0.1171875 0.55078125 0.02734375 0.0390625
0 0.5375 0.94375 0.05859375 0.05859375
0 0.646875 0.68359375 0.0703125 0.046875
0 0.73046875 0.55859375 0.05078125 0.0546875
0 0.609375 0.578125 0.0390625 0.046875
0 0.62890625 0.5 0.03125 0.02734375
0 0.7265625 0.69921875 0.03125 0.04296875